<!DOCTYPE html>
<html>
  
  <head data-gwd-animation-mode="proMode">
    <title>Gotta Go Fast</title>
    <meta http-equiv="Content-Type" content="text/html; charset=utf-8">
    <meta name="generator" content="Google Web Designer 1.0.0.924">
    <style type="text/css">
      html, body {
        width: 100%;
        height: 100%;
        margin: 0px;
      }
      body {
        background-color: transparent;
        -webkit-transform: perspective(1400px) matrix3d(1, 0, 0, 0, 0, 1, 0, 0, 0, 0, 1, 0, 0, 0, 0, 1);
        -webkit-transform-style: preserve-3d;
      }
      .gwd-div-zka5 {
        position: absolute;
        text-align: left;
        font-family: fantasy;
        font-size: 20px;
        background-image: none;
        background-color: rgb(255, 255, 255);
        border: 3px hidden rgb(0, 0, 255);
        -webkit-transform-style: preserve-3d;
        top: 157px;
        left: 643px;
        -webkit-transform: matrix3d(0.8843553712, 0.1155689619, -0.4522824257, 0, -0.3480829698, 0.8088415929, -0.4739340921, 0, 0.3110527667, 0.5765579698, 0.7555309946, 0, 0, 0, 0, 1);
        -webkit-transform-origin: 50% 50% 0px;
      }
      .gwd-span-72aq {
        color: rgb(0, 69, 255);
      }
      .gwd-span-ze1m {
        color: rgb(0, 69, 255);
      }
      .gwd-gen-qyaogwdanimation {
        -webkit-animation: gwd-gen-qyaogwdanimation_animation 3.2s linear 0s infinite forwards;
      }
      @-webkit-keyframes gwd-gen-qyaogwdanimation_animation {
        0% {
          -webkit-transform: matrix3d(0.3363481871, 0.8004395417, -0.4961516272, 0, 0.9417377008, -0.2858825642, 0.1772040136, 0, 0, -0.5268469413, -0.8499601758, 0, 24.8946565745, -60.5756182436, 0, 1);
          -webkit-transform-origin: 50% 50% 0px;
          -webkit-animation-timing-function: linear;
        }
        18.75% {
          -webkit-transform: matrix3d(0.723276605, -0.4803170989, -0.4961516272, 0, -0.4572095227, -0.8715263564, 0.1772040136, 0, -0.5175233375, 0.0986777313, -0.8499601758, 0, 0, 0, 0, 1);
          -webkit-transform-origin: 50% 50% 0px;
          -webkit-animation-timing-function: linear;
        }
        34.375% {
          -webkit-transform: matrix3d(0.8843553712, 0.1155689619, -0.4522824257, 0, -0.3480829698, 0.8088415929, -0.4739340921, 0, 0.3110527667, 0.5765579698, 0.7555309946, 0, 0, 0, 0, 1);
          -webkit-transform-origin: 50% 50% 0px;
          -webkit-animation-timing-function: linear;
        }
        46.875% {
          -webkit-transform: matrix3d(0.8843553712, 0.1155689619, -0.4522824257, 0, -0.3480829698, 0.8088415929, -0.4739340921, 0, 0.3110527667, 0.5765579698, 0.7555309946, 0, 0, 0, 0, 1);
          -webkit-transform-origin: 50% 50% 0px;
          -webkit-animation-timing-function: linear;
        }
        59.375% {
          -webkit-transform: matrix3d(0.8843553712, 0.1155689619, -0.4522824257, 0, -0.3480829698, 0.8088415929, -0.4739340921, 0, 0.3110527667, 0.5765579698, 0.7555309946, 0, 0, 0, 0, 1);
          -webkit-transform-origin: 50% 50% 0px;
          -webkit-animation-timing-function: linear;
        }
        71.875% {
          -webkit-transform: matrix3d(0.8843553712, 0.1155689619, -0.4522824257, 0, -0.3480829698, 0.8088415929, -0.4739340921, 0, 0.3110527667, 0.5765579698, 0.7555309946, 0, 0, 0, 0, 1);
          -webkit-transform-origin: 50% 50% 0px;
          -webkit-animation-timing-function: linear;
        }
        84.375% {
          -webkit-transform: matrix3d(0.8843553712, 0.1155689619, -0.4522824257, 0, -0.3480829698, 0.8088415929, -0.4739340921, 0, 0.3110527667, 0.5765579698, 0.7555309946, 0, 0, 0, 0, 1);
          top: 157px;
          left: 643px;
          -webkit-transform-origin: 50% 50% 0px;
          -webkit-animation-timing-function: linear;
        }
        100% {
          -webkit-transform: matrix3d(0.078504452, 0.9245192481, -0.3729627475, 0, 0.5711938961, -0.3483334717, -0.7432370588, 0, -0.8170523754, -0.1546866267, -0.5554254796, 0, -60.7916894171, -29.3560086899, -89.4048095237, 1);
          top: 157px;
          left: 643px;
          -webkit-transform-origin: 45px 179.1718832253px 0.000001px;
          -webkit-animation-timing-function: linear;
        }
      }
      .gwd-img-4c7z {
        position: absolute;
        -webkit-transform-style: preserve-3d;
        top: 75px;
        left: 87px;
        width: 249px;
        height: 292px;
        -webkit-transform: matrix3d(1, 0, 0, 0, 0, 1, 0, 0, 0, 0, 1, 0, 759.5, -427, 0, 1);
        color: rgb(0, 0, 0);
      }
      .gwd-gen-9zrbgwdanimation {
        -webkit-animation: gwd-gen-9zrbgwdanimation_gwd-keyframes 1.9s linear 0s infinite forwards;
      }
      .gwd-div-z3d0 {
        position: absolute;
        text-align: left;
        font-family:'Courier New';
        font-size: 50px;
        color: rgb(215, 157, 3);
        -webkit-transform-style: preserve-3d;
        top: 261px;
        left: 320px;
        -webkit-transform: matrix3d(0.295447625, 0, 0.9553589538, 0, 0, 1, 0, 0, -0.9553589538, 0, 0.295447625, 0, 0, 0, 0, 1);
        -webkit-transform-origin: 165px 28.5px 0px;
      }
      .gwd-gen-a3k3gwdanimation {
        -webkit-animation: gwd-gen-a3k3gwdanimation_gwd-keyframes 2.3s linear 0s infinite forwards;
      }
      @-webkit-keyframes gwd-gen-a3k3gwdanimation_gwd-keyframes {
        0% {
          top: 261px;
          left: 320px;
          -webkit-transform: matrix3d(1, 0, -0.0001721361, 0, 0, 1, 0, 0, 0.0001721361, 0, 1, 0, 0, 0, 0, 1);
          -webkit-transform-origin: 50% 50% 0px;
          -webkit-animation-timing-function: linear;
        }
        21.7391% {
          top: 261px;
          left: 320px;
          -webkit-transform: matrix3d(0.6002824281, 0, -0.7997881195, 0, 0, 1, 0, 0, 0.7997881195, 0, 0.6002824281, 0, 0, 0, 0, 1);
          -webkit-transform-origin: 165px 28.5px 0px;
          -webkit-animation-timing-function: linear;
        }
        39.1304% {
          top: 261px;
          left: 320px;
          -webkit-transform: matrix3d(0.0469271446, 0, -0.9988983295, 0, 0, 1, 0, 0, 0.9988983295, 0, 0.0469271446, 0, 0, 0, 0, 1);
          -webkit-transform-origin: 165px 28.5px 0px;
          -webkit-animation-timing-function: linear;
        }
        52.1739% {
          top: 261px;
          left: 320px;
          -webkit-transform: matrix3d(-0.2943977955, 0, -0.9556829849, 0, 0, 1, 0, 0, 0.9556829849, 0, -0.2943977955, 0, 0, 0, 0, 1);
          -webkit-transform-origin: 165px 28.5px 0px;
          -webkit-animation-timing-function: linear;
        }
        60.8696% {
          top: 261px;
          left: 320px;
          -webkit-transform: matrix3d(-0.6734021201, 0, -0.7392764126, 0, 0, 1, 0, 0, 0.7392764126, 0, -0.6734021201, 0, 0, 0, 0, 1);
          -webkit-transform-origin: 165px 28.5px 0px;
          -webkit-animation-timing-function: linear;
        }
        73.913% {
          top: 261px;
          left: 320px;
          -webkit-transform: matrix3d(-0.9413175743, 0, -0.3375222273, 0, 0, 1, 0, 0, 0.3375222273, 0, -0.9413175743, 0, 0, 0, 0, 1);
          -webkit-transform-origin: 165px 28.5px 0px;
          -webkit-animation-timing-function: linear;
        }
        82.6087% {
          top: 261px;
          left: 320px;
          -webkit-transform: matrix3d(-0.466768714, 0, 0.8843794419, 0, 0, 1, 0, 0, -0.8843794419, 0, -0.466768714, 0, 0, 0, 0, 1);
          -webkit-transform-origin: 165px 28.5px 0px;
          -webkit-animation-timing-function: linear;
        }
        91.3043% {
          top: 261px;
          left: 320px;
          -webkit-transform: matrix3d(-0.1395124887, 0, 0.9902203266, 0, 0, 1, 0, 0, -0.9902203266, 0, -0.1395124887, 0, 0, 0, 0, 1);
          -webkit-transform-origin: 165px 28.5px 0px;
          -webkit-animation-timing-function: linear;
        }
        100% {
          top: 261px;
          left: 320px;
          -webkit-transform: matrix3d(0.295447625, 0, 0.9553589538, 0, 0, 1, 0, 0, -0.9553589538, 0, 0.295447625, 0, 0, 0, 0, 1);
          -webkit-transform-origin: 165px 28.5px 0px;
          -webkit-animation-timing-function: linear;
        }
      }
      @-webkit-keyframes gwd-gen-9zrbgwdanimation_gwd-keyframes {
        0% {
          top: 75px;
          left: 87px;
          width: 249px;
          height: 292px;
          -webkit-transform: matrix3d(1, 0, 0, 0, 0, 1, 0, 0, 0, 0, 1, 0, -398, 450, 0, 1);
          color: rgb(0, 0, 0);
          -webkit-animation-timing-function: linear;
        }
        84.2105% {
          top: 75px;
          left: 87px;
          width: 249px;
          height: 292px;
          -webkit-transform: matrix3d(1, 0, 0, 0, 0, 1, 0, 0, 0, 0, 1, 0, -398, 450, 0, 1);
          color: rgb(0, 0, 0);
          -webkit-animation-timing-function: linear;
        }
        100% {
          top: 75px;
          left: 87px;
          width: 249px;
          height: 292px;
          -webkit-transform: matrix3d(1, 0, 0, 0, 0, 1, 0, 0, 0, 0, 1, 0, 759.5, -427, 0, 1);
          color: rgb(0, 0, 0);
          -webkit-animation-timing-function: linear;
        }
      }
      .gwd-img-l3np {
        position: absolute;
        left: 0px;
        top: 0px;
        width: 1280px;
        height: 800px;
        -webkit-transform: matrix3d(1, 0, 0, 0, 0, 1, 0, 0, 0, 0, 1, 0, 0, 0, 0, 1);
        -webkit-transform-style: preserve-3d;
      }
      .gwd-img-dlzu {
        position: absolute;
        -webkit-transform-style: preserve-3d;
        top: 0px;
        left: 0px;
        width: 300px;
        height: 180px;
        -webkit-transform: matrix3d(1, 0, 0, 0, 0, 1, 0, 0, 0, 0, 1, 0, 978, 636, 0, 1);
      }
      .gwd-gen-q98qgwdanimation {
        -webkit-animation: gwd-gen-q98qgwdanimation_gwd-keyframes 3.2s linear 0s infinite forwards;
      }
      @-webkit-keyframes gwd-gen-q98qgwdanimation_gwd-keyframes {
        0% {
          top: 0px;
          left: 0px;
          width: 300px;
          height: 180px;
          -webkit-transform: matrix3d(1, 0, 0, 0, 0, 1, 0, 0, 0, 0, 1, 0, 0, 0, 0, 1);
          -webkit-animation-timing-function: linear;
        }
        12.5% {
          top: 0px;
          left: 0px;
          width: 300px;
          height: 180px;
          -webkit-transform: matrix3d(0.929294652, 0, -0.3693392069, 0, 0, 1, 0, 0, 0.3693392069, 0, 0.929294652, 0, 88, 72, 0, 1);
          -webkit-animation-timing-function: linear;
        }
        25% {
          top: 0px;
          left: 0px;
          width: 300px;
          height: 180px;
          -webkit-transform: matrix3d(0.929294652, 0, -0.3693392069, 0, 0, 1, 0, 0, 0.3693392069, 0, 0.929294652, 0, 58.1741343352, 59.5334341731, 11.8540029753, 1);
          -webkit-animation-timing-function: linear;
        }
        37.5% {
          top: 0px;
          left: 0px;
          width: 300px;
          height: 180px;
          -webkit-transform: matrix3d(0.1101702489, 0, -0.9939127307, 0, -0.526693503, 0.8480480962, -0.0583813372, 0, 0.842885799, 0.5299192642, 0.0934296698, 0, 58.1741343352, 59.5334341731, 11.8540029753, 1);
          -webkit-animation-timing-function: linear;
        }
        53.125% {
          top: 0px;
          left: 0px;
          width: 300px;
          height: 180px;
          -webkit-transform: matrix3d(1, 0, 0, 0, 0, 1, 0, 0, 0, 0, 1, 0, 978, 636, 0, 1);
          -webkit-animation-timing-function: linear;
        }
        100% {
          top: 0px;
          left: 0px;
          width: 300px;
          height: 180px;
          -webkit-transform: matrix3d(1, 0, 0, 0, 0, 1, 0, 0, 0, 0, 1, 0, 0, 0, 0, 1);
          -webkit-animation-timing-function: linear;
        }
      }
      .gwd-iframe-yvrw {
        position: absolute;
        left: 92px;
        top: 963px;
        width: 1000px;
        height: 600px;
        -webkit-transform: matrix3d(1, 0, 0, 0, 0, 1, 0, 0, 0, 0, 1, 0, 0, 0, 0, 1);
        -webkit-transform-style: preserve-3d;
      }
      .gwd-div-go0c {
        position: absolute;
        font-family:'Times New Roman';
        font-size: 50px;
        text-align: left;
        color: rgb(255, 0, 213);
        -webkit-transform-style: preserve-3d;
        top: 437px;
        left: 66px;
        width: 387px;
        height: 133px;
        -webkit-transform: matrix3d(0.1049688485, -0.993076565, -0.0527302291, 0, 0.3338625333, 0.0851361161, -0.9387692212, 0, 0.9367589603, 0.0809368762, 0.3404876979, 0, 460.5237110801, -16.139578848, 280.643476156, 1);
      }
      .gwd-gen-de8dgwdanimation {
        -webkit-animation: gwd-gen-de8dgwdanimation_gwd-keyframes 2.1s linear 0s infinite forwards;
      }
      @-webkit-keyframes gwd-gen-de8dgwdanimation_gwd-keyframes {
        0% {
          top: 437px;
          left: 66px;
          width: 387px;
          height: 133px;
          -webkit-transform: matrix3d(0.9347757815, 0.3552382838, 0, 0, -0.3552382838, 0.9347757815, 0, 0, 0, 0, 1, 0, 0, 0, 0, 1);
          -webkit-animation-timing-function: linear;
        }
        4.7619% {
          top: 437px;
          left: 66px;
          width: 387px;
          height: 133px;
          -webkit-transform: matrix3d(0.9347757815, 0.3552382838, 0, 0, -0.3552382838, 0.9347757815, 0, 0, 0, 0, 1, 0, 0, 0, 0, 1);
          -webkit-animation-timing-function: linear;
        }
        23.8095% {
          top: 437px;
          left: 66px;
          width: 387px;
          height: 133px;
          -webkit-transform: matrix3d(0.9347757815, 0.3552382838, 0, 0, -0.2389133408, 0.6286777496, -0.7400572294, 0, -0.2628966601, 0.691787575, 0.6725438999, 0, 0, 0, 0, 1);
          -webkit-animation-timing-function: linear;
        }
        42.8571% {
          top: 437px;
          left: 66px;
          width: 387px;
          height: 133px;
          -webkit-transform: matrix3d(0.8329446796, -0.4987817486, -0.2396245562, 0, 0.0805144931, 0.5376724259, -0.8393007679, 0, 0.547467421, 0.6797978595, 0.4880105462, 0, 0, 0, 0, 1);
          -webkit-animation-timing-function: linear;
        }
        57.1429% {
          top: 437px;
          left: 66px;
          width: 387px;
          height: 133px;
          -webkit-transform: matrix3d(0.850701279, 0.4017490679, 0.3389764303, 0, -0.2776417728, 0.8909972345, -0.3592199526, 0, -0.446343343, 0.2114748561, 0.8695148104, 0, 283.5460693548, -82.1879415907, -25.4504972289, 1);
          -webkit-animation-timing-function: linear;
        }
        71.4286% {
          top: 437px;
          left: 66px;
          width: 387px;
          height: 133px;
          -webkit-transform: matrix3d(0.850701279, 0.4017490679, 0.3389764303, 0, -0.2776417728, 0.8909972345, -0.3592199526, 0, -0.446343343, 0.2114748561, 0.8695148104, 0, 283.5460693548, -82.1879415907, -25.4504972289, 1);
          -webkit-animation-timing-function: linear;
        }
        85.7143% {
          top: 437px;
          left: 66px;
          width: 387px;
          height: 133px;
          -webkit-transform: matrix3d(0.850701279, 0.4017490679, 0.3389764303, 0, 0.3338625333, 0.0851361161, -0.9387692212, 0, -0.4060087963, 0.911783707, -0.0617035587, 0, 552.2515333369, -75.762313678, 110.9198497072, 1);
          -webkit-animation-timing-function: linear;
        }
        100% {
          top: 437px;
          left: 66px;
          width: 387px;
          height: 133px;
          -webkit-transform: matrix3d(0.1049688485, -0.993076565, -0.0527302291, 0, 0.3338625333, 0.0851361161, -0.9387692212, 0, 0.9367589603, 0.0809368762, 0.3404876979, 0, 460.5237110801, -16.139578848, 280.643476156, 1);
          -webkit-animation-timing-function: linear;
        }
      }
      .gwd-img-exwf {
        position: absolute;
        top: 1052px;
        left: 1280px;
        width: 510px;
        height: 384px;
        -webkit-transform: matrix3d(0.9790254225, 0.0575693757, 0.1954353837, 0, 0.1830177545, 0.1729744275, -0.9677728809, 0, -0.0895194041, 0.9832423986, 0.1588101441, 0, -1265.8655619488, -942.8129842171, 534.553354859, 1);
        -webkit-transform-style: preserve-3d;
      }
      .gwd-gen-5ajqgwdanimation {
        -webkit-animation: gwd-gen-5ajqgwdanimation_gwd-keyframes 2.5s linear 0s infinite forwards;
      }
      @-webkit-keyframes gwd-gen-5ajqgwdanimation_gwd-keyframes {
        0% {
          top: 1052px;
          left: 1280px;
          width: 510px;
          height: 384px;
          -webkit-transform: matrix3d(1, 0, 0, 0, 0, 1, 0, 0, 0, 0, 1, 0, 0, 0, 0, 1);
          -webkit-animation-timing-function: linear;
        }
        20% {
          top: 1052px;
          left: 1280px;
          width: 510px;
          height: 384px;
          -webkit-transform: matrix3d(0.6906321088, -0.5401597688, 0.4808895034, 0, 0.6160713349, 0.7876903645, 0, 0, -0.3787920282, 0.2962622383, 0.8767812073, 0, -383.6111638527, -239.8740172895, 0, 1);
          -webkit-animation-timing-function: linear;
        }
        28% {
          top: 1052px;
          left: 1280px;
          width: 510px;
          height: 384px;
          -webkit-transform: matrix3d(0.639870672, -0.500458044, -0.5831871649, 0, 0.4447150507, 0.8600450343, -0.2501021045, 0, 0.6267328353, -0.0993191079, 0.7728788185, 0, -1384.6692712871, 108.1346397052, -647.6254303064, 1);
          -webkit-animation-timing-function: linear;
        }
        40% {
          top: 1052px;
          left: 1280px;
          width: 510px;
          height: 384px;
          -webkit-transform: matrix3d(0.9395549734, -0.0328951165, -0.3408142652, 0, -0.178741188, 0.8018622129, -0.5701478574, 0, 0.2920411611, 0.5966028016, 0.7475139179, 0, -992.8174869143, 157.6762730584, -97.130292096, 1);
          -webkit-animation-timing-function: linear;
        }
        56% {
          top: 1052px;
          left: 1280px;
          width: 510px;
          height: 384px;
          -webkit-transform: matrix3d(0.2071433177, -0.934922712, -0.2881165886, 0, 0.7511974435, 0.3406688091, -0.5653734725, 0, 0.6267328353, -0.0993191079, 0.7728788185, 0, -1384.6692712871, 108.1346397052, -647.6254303064, 1);
          -webkit-animation-timing-function: linear;
        }
        68% {
          top: 1052px;
          left: 1280px;
          width: 510px;
          height: 384px;
          -webkit-transform: matrix3d(-0.4826999988, -0.3007054587, -0.8225429706, 0, 0.7511974435, 0.3406688091, -0.5653734725, 0, 0.4502256236, -0.8907979511, 0.0614483381, 0, -600.3991327221, -16.1495946071, 319.5263509622, 1);
          -webkit-animation-timing-function: linear;
        }
        76% {
          top: 1052px;
          left: 1280px;
          width: 510px;
          height: 384px;
          -webkit-transform: matrix3d(0.9790254225, 0.0575693757, 0.1954353837, 0, 0.0150321567, 0.9362225734, -0.3510859259, 0, -0.2031828153, 0.3466598622, 0.9157203086, 0, -360.8462050206, -490.1191911919, 352.2213565705, 1);
          -webkit-animation-timing-function: linear;
        }
        80% {
          top: 1052px;
          left: 1280px;
          width: 510px;
          height: 384px;
          -webkit-transform: matrix3d(0.9790254225, 0.0575693757, 0.1954353837, 0, 0.0150321567, 0.9362225734, -0.3510859259, 0, -0.2031828153, 0.3466598622, 0.9157203086, 0, -1521.777171631, 297.6243854057, 8.1844575943, 1);
          -webkit-animation-timing-function: linear;
        }
        88% {
          top: 1052px;
          left: 1280px;
          width: 510px;
          height: 384px;
          -webkit-transform: matrix3d(0.9790254225, 0.0575693757, 0.1954353837, 0, 0.0150321567, 0.9362225734, -0.3510859259, 0, -0.2031828153, 0.3466598622, 0.9157203086, 0, -1533.0207994195, -402.6436035846, 270.7867941305, 1);
          -webkit-animation-timing-function: linear;
        }
        100% {
          top: 1052px;
          left: 1280px;
          width: 510px;
          height: 384px;
          -webkit-transform: matrix3d(0.9790254225, 0.0575693757, 0.1954353837, 0, 0.1830177545, 0.1729744275, -0.9677728809, 0, -0.0895194041, 0.9832423986, 0.1588101441, 0, -1265.8655619488, -942.8129842171, 534.553354859, 1);
          -webkit-animation-timing-function: linear;
        }
      }
    </style>
  </head>
  
  <body>
    <img class="gwd-img-l3np" id="bakround" src="sanic/sanic2.jpg">
    <div class="gwd-div-go0c gwd-gen-de8dgwdanimation" id="tooslow">ur 2 slow</div>
    <iframe class="gwd-iframe-yvrw" src="http://gamejolt.com/gameserver/view/16119/?username=&amp;token="></iframe>
    <img class="gwd-img-exwf gwd-gen-5ajqgwdanimation" id="taelsnsanic" src="sanic/sanic4.jpg">
    <audio autoplay loop>
        <source src="sanic/cityescape.mp3" type="audio/mpeg">
        <source src="sanic/cityescape.ogg" type="audio/ogg">
        <embed src="sanic/cityescape.mp3">
    </audio>
    <div class="gwd-div-zka5 editable gwd-gen-xz4hgwdanimation gwd-gen-n84ngwdanimation gwd-gen-l42wgwdanimation gwd-gen-pawngwdanimation gwd-gen-5w3ugwdanimation gwd-gen-qf1sgwdanimation editable gwd-gen-ttz2gwdanimation gwd-gen-ulaogwdanimation gwd-gen-h7b5gwdanimation gwd-gen-qyaogwdanimation" g_editable="true" role="textbox" contenteditable="true" id="sanictext"><span style="color: rgb(0, 69, 255);" class="">Sanic</span>

    </div>
    <img class="gwd-img-4c7z gwd-gen-9zrbgwdanimation" src="sanic/sanic1.jpg" alt="g2gfast" id="sanic1">
    <div class="gwd-div-z3d0 gwd-gen-a3k3gwdanimation" id="g2gfast"><strong>G2G FAST...</strong>

    </div>
    <img class="gwd-img-dlzu gwd-gen-q98qgwdanimation" src="sanic/sanic3.png" id="sanicsanic">
  </body>

</html>