<!DOCTYPE html>
<html><head data-gwd-animation-mode="proMode"><meta name="GCD" content="YTk3ODQ3ZWZhN2I4NzZmMzBkNTEwYjJlcd657a217070737fe22a0b2004397ea3"/>
  <title>congrates</title>
  <meta http-equiv="Content-Type" content="text/html; charset=utf-8">
  <meta name="generator" content="Google Web Designer 1.2.1.0121">
  <style type="text/css">body,
a:hover {
    cursor: url(http://cur.cursors-4u.net/others/oth-2/oth130.cur), progress !important;
}</style>
</head>

<body>
  <audio autoplay loop>
    <source src="yay.mp3" type="audio/mpeg">
  </audio>
  <a href="http://www.cursors-4u.com/cursor/2006/04/01/oth130.html" target="_blank" title="Black Penis">
    <img src="http://cur.cursors-4u.net/cursor.png" border="0" alt="Black Penis" style="position:absolute; top: 0px; right: 0px;">
  </a>
  <style type="text/css">html,
body {
    width: 100%;
    height: 100%;
    margin: 0px;
    background-image: url(wow.gif);
    background-repeat: repeat;
}
body {
    -webkit-transform: matrix3d(1, 0, 0, 0, 0, 1, 0, 0, 0, 0, 1, 0, 0, 0, 0, 1);
    -moz-transform: matrix3d(1, 0, 0, 0, 0, 1, 0, 0, 0, 0, 1, 0, 0, 0, 0, 1);
    transform: matrix3d(1, 0, 0, 0, 0, 1, 0, 0, 0, 0, 1, 0, 0, 0, 0, 1);
    -webkit-perspective: 1400px;
    -moz-perspective: 1400px;
    perspective: 1400px;
    -webkit-transform-style: preserve-3d;
    -moz-transform-style: preserve-3d;
    transform-style: preserve-3d;
    background-color: transparent;
}
.gwd-img-srbu {
    position: absolute;
    -webkit-transform-origin: 450.5px 873.5px 0px;
    -moz-transform-origin: 450.5px 873.5px 0px;
    transform-origin: 450.5px 873.5px 0px;
    left: 464px;
    top: 301px;
    height: 396px;
    -webkit-transform-style: preserve-3d;
    -moz-transform-style: preserve-3d;
    transform-style: preserve-3d;
    -webkit-transform: matrix3d(0.9870892264, 0.158611129, -0.022301768, 0, -0.1581720777, 0.9872039278, 0.020248427, 0, 0.0252280189, -0.0164594872, 0.9995462132, 0, -297, -251, 0, 1);
    -moz-transform: matrix3d(0.9870892264, 0.158611129, -0.022301768, 0, -0.1581720777, 0.9872039278, 0.020248427, 0, 0.0252280189, -0.0164594872, 0.9995462132, 0, -297, -251, 0, 1);
    transform: matrix3d(0.9870892264, 0.158611129, -0.022301768, 0, -0.1581720777, 0.9872039278, 0.020248427, 0, 0.0252280189, -0.0164594872, 0.9995462132, 0, -297, -251, 0, 1);
}
.gwd-div-53b2 {
    position: absolute;
    text-align: left;
    font-family: 'Comic Sans MS';
    -webkit-transform-origin: 50% 50%;
    -moz-transform-origin: 50% 50%;
    transform-origin: 50% 50%;
    font-size: 50px;
    color: rgb(255, 0, 255);
    left: 253.635838150288px;
    top: 279px;
    -webkit-transform-style: preserve-3d;
    -moz-transform-style: preserve-3d;
    transform-style: preserve-3d;
    -webkit-transform: matrix3d(1, 0, -0.000117806, 0, 0, 1, 0, 0, 0.000117806, 0, 1, 0, 0, 0, 0, 1);
    -moz-transform: matrix3d(1, 0, -0.000117806, 0, 0, 1, 0, 0, 0.000117806, 0, 1, 0, 0, 0, 0, 1);
    transform: matrix3d(1, 0, -0.000117806, 0, 0, 1, 0, 0, 0.000117806, 0, 1, 0, 0, 0, 0, 1);
}
@-webkit-keyframes gwd-empty-animation {
    0% {
        opacity: 0.001;
    }
    100% {
        opacity: 0;
    }
}
@-moz-keyframes gwd-empty-animation {
    0% {
        opacity: 0.001;
    }
    100% {
        opacity: 0;
    }
}
@keyframes gwd-empty-animation {
    0% {
        opacity: 0.001;
    }
    100% {
        opacity: 0;
    }
}
.gwd-img-yrvc {
    position: absolute;
    width: 304px;
    height: 228px;
    -webkit-transform-style: preserve-3d;
    -moz-transform-style: preserve-3d;
    transform-style: preserve-3d;
    left: 32px;
    top: 339.177520460114px;
    -webkit-transform: matrix3d(1, 0, 0, 0, 0, 1, 0, 0, 0, 0, 1, 0, 0, 0, 0, 1);
    -moz-transform: matrix3d(1, 0, 0, 0, 0, 1, 0, 0, 0, 0, 1, 0, 0, 0, 0, 1);
    transform: matrix3d(1, 0, 0, 0, 0, 1, 0, 0, 0, 0, 1, 0, 0, 0, 0, 1);
}
.gwd-div-z6fy {
    position: absolute;
    font-family: 'Times New Roman';
    text-align: left;
    font-size: 50px;
    width: 239px;
    height: 204.0769282519px;
    -webkit-transform-origin: 119.5px 101.8778801843px 0px;
    -moz-transform-origin: 119.5px 101.8778801843px 0px;
    transform-origin: 119.5px 101.8778801843px 0px;
    left: 624px;
    top: 79.4615358741px;
    color: red;
    -webkit-transform-style: preserve-3d;
    -moz-transform-style: preserve-3d;
    transform-style: preserve-3d;
    -webkit-transform: matrix3d(0.4302958718, 0.9026879099, 0, 0, -0.9026879099, 0.4302958718, 0, 0, 0, 0, 1, 0, 121, 252, 0, 1);
    -moz-transform: matrix3d(0.4302958718, 0.9026879099, 0, 0, -0.9026879099, 0.4302958718, 0, 0, 0, 0, 1, 0, 121, 252, 0, 1);
    transform: matrix3d(0.4302958718, 0.9026879099, 0, 0, -0.9026879099, 0.4302958718, 0, 0, 0, 0, 1, 0, 121, 252, 0, 1);
}
.gwd-img-88vf {
    position: absolute;
    width: 400.2461449569px;
    height: 300.1846087177px;
    -webkit-transform-origin: 200.1230724785px 150.0923043588px 0px;
    -moz-transform-origin: 200.1230724785px 150.0923043588px 0px;
    transform-origin: 200.1230724785px 150.0923043588px 0px;
    left: 670.583922302775px;
    top: -0.0923043587997886px;
    -webkit-transform-style: preserve-3d;
    -moz-transform-style: preserve-3d;
    transform-style: preserve-3d;
    -webkit-transform: matrix3d(0.9070440143, 0, 0.4210358134, 0, -0.0275370597, 0.9978589232, 0.0593235169, 0, -0.4201343434, -0.0654031292, 0.9051019634, 0, -765.5895015566, -11.7331724376, 0, 1);
    -moz-transform: matrix3d(0.9070440143, 0, 0.4210358134, 0, -0.0275370597, 0.9978589232, 0.0593235169, 0, -0.4201343434, -0.0654031292, 0.9051019634, 0, -765.5895015566, -11.7331724376, 0, 1);
    transform: matrix3d(0.9070440143, 0, 0.4210358134, 0, -0.0275370597, 0.9978589232, 0.0593235169, 0, -0.4201343434, -0.0654031292, 0.9051019634, 0, -765.5895015566, -11.7331724376, 0, 1);
}
.gwd-img-03kp {
    position: absolute;
    width: 130px;
    height: 169px;
    left: 958px;
    top: 253.05px;
}
body .gwd-gen-10u1gwdanimation {
    -webkit-animation: gwd-gen-10u1gwdanimation_gwd-keyframes 2.9s linear 0s infinite normal forwards;
    -moz-animation: gwd-gen-10u1gwdanimation_gwd-keyframes 2.9s linear 0s infinite normal forwards;
    animation: gwd-gen-10u1gwdanimation_gwd-keyframes 2.9s linear 0s infinite normal forwards;
}
@-webkit-keyframes gwd-gen-10u1gwdanimation_gwd-keyframes {
    0% {
        left: 958px;
        top: 253.05px;
        -webkit-animation-timing-function: linear;
    }
    55.17% {
        left: 26.5472520361539px;
        top: 242.612770669421px;
        -webkit-animation-timing-function: linear;
    }
    100% {
        left: 958px;
        top: 253.05px;
        -webkit-animation-timing-function: linear;
    }
}
@-moz-keyframes gwd-gen-10u1gwdanimation_gwd-keyframes {
    0% {
        left: 958px;
        top: 253.05px;
        -moz-animation-timing-function: linear;
    }
    55.17% {
        left: 26.5472520361539px;
        top: 242.612770669421px;
        -moz-animation-timing-function: linear;
    }
    100% {
        left: 958px;
        top: 253.05px;
        -moz-animation-timing-function: linear;
    }
}
@keyframes gwd-gen-10u1gwdanimation_gwd-keyframes {
    0% {
        left: 958px;
        top: 253.05px;
        animation-timing-function: linear;
    }
    55.17% {
        left: 26.5472520361539px;
        top: 242.612770669421px;
        animation-timing-function: linear;
    }
    100% {
        left: 958px;
        top: 253.05px;
        animation-timing-function: linear;
    }
}
body .gwd-gen-s3r4gwdanimation {
    -webkit-animation: gwd-gen-s3r4gwdanimation_gwd-keyframes 5s linear 0s infinite normal forwards;
    -moz-animation: gwd-gen-s3r4gwdanimation_gwd-keyframes 5s linear 0s infinite normal forwards;
    animation: gwd-gen-s3r4gwdanimation_gwd-keyframes 5s linear 0s infinite normal forwards;
}
@-webkit-keyframes gwd-gen-s3r4gwdanimation_gwd-keyframes {
    0% {
        -webkit-transform: matrix3d(0.9070440143, 0, 0.4210358134, 0, -0.0275370597, 0.9978589232, 0.0593235169, 0, -0.4201343434, -0.0654031292, 0.9051019634, 0, -765.5895015566, -11.7331724376, 0, 1);
        -webkit-animation-timing-function: linear;
    }
    20% {
        -webkit-transform: matrix3d(0.9070440143, 0, 0.4210358134, 0, -0.0275370597, 0.9978589232, 0.0593235169, 0, -0.4201343434, -0.0654031292, 0.9051019634, 0, -765.5895015566, -11.7331724376, 0, 1);
        -webkit-animation-timing-function: linear;
    }
    66% {
        -webkit-transform: matrix3d(0.9070440143, 0, 0.4210358134, 0, -0.3404366496, -0.5884009034, 0.7334079795, 0, 0.247737853, -0.8085693395, -0.5337055175, 0, -749.1813525601, 175.5127631693, 0, 1);
        -webkit-animation-timing-function: linear;
    }
    86% {
        -webkit-transform: matrix3d(-0.4525909743, 0.7862583176, 0.4206733283, 0, -0.1883214905, -0.5454202251, 0.8167097432, 0, 0.871534782, 0.2904533629, 0.3949321413, 0, -5.1263991925, 181.7829264113, 0, 1);
        -webkit-animation-timing-function: linear;
    }
    100% {
        -webkit-transform: matrix3d(0.7874152483, 0.4131143238, 0.4573892625, 0, -0.0568294044, -0.6903384657, 0.7212078533, 0, 0.6136477374, -0.5940441551, -0.5201804349, 0, -42.0389471011, -23.286806117, 0, 1);
        -webkit-animation-timing-function: linear;
    }
}
@-moz-keyframes gwd-gen-s3r4gwdanimation_gwd-keyframes {
    0% {
        -moz-transform: matrix3d(0.9070440143, 0, 0.4210358134, 0, -0.0275370597, 0.9978589232, 0.0593235169, 0, -0.4201343434, -0.0654031292, 0.9051019634, 0, -765.5895015566, -11.7331724376, 0, 1);
        -moz-animation-timing-function: linear;
    }
    20% {
        -moz-transform: matrix3d(0.9070440143, 0, 0.4210358134, 0, -0.0275370597, 0.9978589232, 0.0593235169, 0, -0.4201343434, -0.0654031292, 0.9051019634, 0, -765.5895015566, -11.7331724376, 0, 1);
        -moz-animation-timing-function: linear;
    }
    66% {
        -moz-transform: matrix3d(0.9070440143, 0, 0.4210358134, 0, -0.3404366496, -0.5884009034, 0.7334079795, 0, 0.247737853, -0.8085693395, -0.5337055175, 0, -749.1813525601, 175.5127631693, 0, 1);
        -moz-animation-timing-function: linear;
    }
    86% {
        -moz-transform: matrix3d(-0.4525909743, 0.7862583176, 0.4206733283, 0, -0.1883214905, -0.5454202251, 0.8167097432, 0, 0.871534782, 0.2904533629, 0.3949321413, 0, -5.1263991925, 181.7829264113, 0, 1);
        -moz-animation-timing-function: linear;
    }
    100% {
        -moz-transform: matrix3d(0.7874152483, 0.4131143238, 0.4573892625, 0, -0.0568294044, -0.6903384657, 0.7212078533, 0, 0.6136477374, -0.5940441551, -0.5201804349, 0, -42.0389471011, -23.286806117, 0, 1);
        -moz-animation-timing-function: linear;
    }
}
@keyframes gwd-gen-s3r4gwdanimation_gwd-keyframes {
    0% {
        transform: matrix3d(0.9070440143, 0, 0.4210358134, 0, -0.0275370597, 0.9978589232, 0.0593235169, 0, -0.4201343434, -0.0654031292, 0.9051019634, 0, -765.5895015566, -11.7331724376, 0, 1);
        animation-timing-function: linear;
    }
    20% {
        transform: matrix3d(0.9070440143, 0, 0.4210358134, 0, -0.0275370597, 0.9978589232, 0.0593235169, 0, -0.4201343434, -0.0654031292, 0.9051019634, 0, -765.5895015566, -11.7331724376, 0, 1);
        animation-timing-function: linear;
    }
    66% {
        transform: matrix3d(0.9070440143, 0, 0.4210358134, 0, -0.3404366496, -0.5884009034, 0.7334079795, 0, 0.247737853, -0.8085693395, -0.5337055175, 0, -749.1813525601, 175.5127631693, 0, 1);
        animation-timing-function: linear;
    }
    86% {
        transform: matrix3d(-0.4525909743, 0.7862583176, 0.4206733283, 0, -0.1883214905, -0.5454202251, 0.8167097432, 0, 0.871534782, 0.2904533629, 0.3949321413, 0, -5.1263991925, 181.7829264113, 0, 1);
        animation-timing-function: linear;
    }
    100% {
        transform: matrix3d(0.7874152483, 0.4131143238, 0.4573892625, 0, -0.0568294044, -0.6903384657, 0.7212078533, 0, 0.6136477374, -0.5940441551, -0.5201804349, 0, -42.0389471011, -23.286806117, 0, 1);
        animation-timing-function: linear;
    }
}
body .gwd-gen-nlehgwdanimation {
    -webkit-animation: gwd-gen-nlehgwdanimation_gwd-keyframes 5s linear 0s infinite normal forwards;
    -moz-animation: gwd-gen-nlehgwdanimation_gwd-keyframes 5s linear 0s infinite normal forwards;
    animation: gwd-gen-nlehgwdanimation_gwd-keyframes 5s linear 0s infinite normal forwards;
}
@-webkit-keyframes gwd-gen-nlehgwdanimation_gwd-keyframes {
    0% {
        -webkit-transform: matrix3d(0.4302958718, 0.9026879099, 0, 0, -0.9026879099, 0.4302958718, 0, 0, 0, 0, 1, 0, 121, 252, 0, 1);
        -webkit-animation-timing-function: linear;
    }
    8% {
        -webkit-transform: matrix3d(-0.066074257, -0.1386126078, -0.9881400395, 0, -0.7476441761, 0.6627079514, -0.0429692576, 0, 0.660804342, 0.7359379839, -0.1474208444, 0, -537, 3, 0, 1);
        -webkit-animation-timing-function: linear;
    }
    24% {
        -webkit-transform: matrix3d(0.9212993187, -0.3751166068, -0.1020166274, 0, -0.3728660233, -0.778297862, -0.5051381218, 0, 0.1100459179, 0.503458071, -0.8569395869, 0, -11.6698727051, 265.1530459795, 0, 1);
        -webkit-animation-timing-function: linear;
    }
    40% {
        -webkit-transform: matrix3d(0.9213, -0.3751, -0.102, 0, -0.3729, -0.7783, -0.5051, 0, 0.11, 0.5035, -0.8569, 0, -11.6699, 265.153, 0, 1);
        -webkit-animation-timing-function: linear;
    }
    50% {
        -webkit-transform: matrix3d(0.9213, -0.3751, -0.102, 0, -0.3729, -0.7783, -0.5051, 0, 0.11, 0.5035, -0.8569, 0, 65.8998931427, -3.88653571, 0, 1);
        -webkit-animation-timing-function: linear;
    }
    62% {
        -webkit-transform: matrix3d(-0.5954539961, -0.7193833578, -0.3576367652, 0, -0.3183008046, 0.6199896594, -0.7171350179, 0, 0.7376091351, -0.3131510127, -0.5980141557, 0, 65.8999, -3.8865, 0, 1);
        -webkit-animation-timing-function: linear;
    }
    84% {
        -webkit-transform: matrix3d(0.9444974875, 0.142628807, -0.2957970861, 0, -0.2931733719, 0.772297259, -0.5635585138, 0, 0.1481984145, 0.619067498, 0.7711161102, 0, -593.048851978, -64.1501789665, 0, 1);
        -webkit-animation-timing-function: linear;
    }
    100% {
        -webkit-transform: matrix3d(0.9445, 0.1426, -0.2958, 0, -0.2932, 0.7723, -0.5636, 0, 0.1482, 0.6191, 0.7711, 0, 166.2178188913, 130.731473718, 0, 1);
        -webkit-animation-timing-function: linear;
    }
}
@-moz-keyframes gwd-gen-nlehgwdanimation_gwd-keyframes {
    0% {
        -moz-transform: matrix3d(0.4302958718, 0.9026879099, 0, 0, -0.9026879099, 0.4302958718, 0, 0, 0, 0, 1, 0, 121, 252, 0, 1);
        -moz-animation-timing-function: linear;
    }
    8% {
        -moz-transform: matrix3d(-0.066074257, -0.1386126078, -0.9881400395, 0, -0.7476441761, 0.6627079514, -0.0429692576, 0, 0.660804342, 0.7359379839, -0.1474208444, 0, -537, 3, 0, 1);
        -moz-animation-timing-function: linear;
    }
    24% {
        -moz-transform: matrix3d(0.9212993187, -0.3751166068, -0.1020166274, 0, -0.3728660233, -0.778297862, -0.5051381218, 0, 0.1100459179, 0.503458071, -0.8569395869, 0, -11.6698727051, 265.1530459795, 0, 1);
        -moz-animation-timing-function: linear;
    }
    40% {
        -moz-transform: matrix3d(0.9213, -0.3751, -0.102, 0, -0.3729, -0.7783, -0.5051, 0, 0.11, 0.5035, -0.8569, 0, -11.6699, 265.153, 0, 1);
        -moz-animation-timing-function: linear;
    }
    50% {
        -moz-transform: matrix3d(0.9213, -0.3751, -0.102, 0, -0.3729, -0.7783, -0.5051, 0, 0.11, 0.5035, -0.8569, 0, 65.8998931427, -3.88653571, 0, 1);
        -moz-animation-timing-function: linear;
    }
    62% {
        -moz-transform: matrix3d(-0.5954539961, -0.7193833578, -0.3576367652, 0, -0.3183008046, 0.6199896594, -0.7171350179, 0, 0.7376091351, -0.3131510127, -0.5980141557, 0, 65.8999, -3.8865, 0, 1);
        -moz-animation-timing-function: linear;
    }
    84% {
        -moz-transform: matrix3d(0.9444974875, 0.142628807, -0.2957970861, 0, -0.2931733719, 0.772297259, -0.5635585138, 0, 0.1481984145, 0.619067498, 0.7711161102, 0, -593.048851978, -64.1501789665, 0, 1);
        -moz-animation-timing-function: linear;
    }
    100% {
        -moz-transform: matrix3d(0.9445, 0.1426, -0.2958, 0, -0.2932, 0.7723, -0.5636, 0, 0.1482, 0.6191, 0.7711, 0, 166.2178188913, 130.731473718, 0, 1);
        -moz-animation-timing-function: linear;
    }
}
@keyframes gwd-gen-nlehgwdanimation_gwd-keyframes {
    0% {
        transform: matrix3d(0.4302958718, 0.9026879099, 0, 0, -0.9026879099, 0.4302958718, 0, 0, 0, 0, 1, 0, 121, 252, 0, 1);
        animation-timing-function: linear;
    }
    8% {
        transform: matrix3d(-0.066074257, -0.1386126078, -0.9881400395, 0, -0.7476441761, 0.6627079514, -0.0429692576, 0, 0.660804342, 0.7359379839, -0.1474208444, 0, -537, 3, 0, 1);
        animation-timing-function: linear;
    }
    24% {
        transform: matrix3d(0.9212993187, -0.3751166068, -0.1020166274, 0, -0.3728660233, -0.778297862, -0.5051381218, 0, 0.1100459179, 0.503458071, -0.8569395869, 0, -11.6698727051, 265.1530459795, 0, 1);
        animation-timing-function: linear;
    }
    40% {
        transform: matrix3d(0.9213, -0.3751, -0.102, 0, -0.3729, -0.7783, -0.5051, 0, 0.11, 0.5035, -0.8569, 0, -11.6699, 265.153, 0, 1);
        animation-timing-function: linear;
    }
    50% {
        transform: matrix3d(0.9213, -0.3751, -0.102, 0, -0.3729, -0.7783, -0.5051, 0, 0.11, 0.5035, -0.8569, 0, 65.8998931427, -3.88653571, 0, 1);
        animation-timing-function: linear;
    }
    62% {
        transform: matrix3d(-0.5954539961, -0.7193833578, -0.3576367652, 0, -0.3183008046, 0.6199896594, -0.7171350179, 0, 0.7376091351, -0.3131510127, -0.5980141557, 0, 65.8999, -3.8865, 0, 1);
        animation-timing-function: linear;
    }
    84% {
        transform: matrix3d(0.9444974875, 0.142628807, -0.2957970861, 0, -0.2931733719, 0.772297259, -0.5635585138, 0, 0.1481984145, 0.619067498, 0.7711161102, 0, -593.048851978, -64.1501789665, 0, 1);
        animation-timing-function: linear;
    }
    100% {
        transform: matrix3d(0.9445, 0.1426, -0.2958, 0, -0.2932, 0.7723, -0.5636, 0, 0.1482, 0.6191, 0.7711, 0, 166.2178188913, 130.731473718, 0, 1);
        animation-timing-function: linear;
    }
}
body .gwd-gen-kb9lgwdanimation {
    -webkit-animation: gwd-gen-kb9lgwdanimation_gwd-keyframes 5.5s linear 0s infinite normal forwards;
    -moz-animation: gwd-gen-kb9lgwdanimation_gwd-keyframes 5.5s linear 0s infinite normal forwards;
    animation: gwd-gen-kb9lgwdanimation_gwd-keyframes 5.5s linear 0s infinite normal forwards;
}
@-webkit-keyframes gwd-gen-kb9lgwdanimation_gwd-keyframes {
    0% {
        left: 32px;
        top: 339.177520460114px;
        -webkit-transform: matrix3d(1, 0, 0, 0, 0, 1, 0, 0, 0, 0, 1, 0, 0, 0, 0, 1);
        -webkit-animation-timing-function: linear;
    }
    18.18% {
        left: 187px;
        top: 54.1775204601145px;
        -webkit-transform: matrix3d(0.5357236724, 0.0416763807, 0.8433642309, 0, 0.561940203, 0.7278952254, -0.3929271549, 0, -0.6302565787, 0.6844206456, 0.3665310695, 0, 0, 0, 0, 1);
        -webkit-animation-timing-function: linear;
    }
    50.91% {
        left: 187px;
        top: 54.1775204601145px;
        -webkit-transform: matrix3d(0.5357, 0.0417, 0.8434, 0, 0.4208129801, -0.879107077, -0.2238110244, 0, 0.7320697615, 0.4747762812, -0.4884683054, 0, 0, 0, 0, 1);
        -webkit-animation-timing-function: linear;
    }
    72.73% {
        left: 187px;
        top: 54.1775204601145px;
        -webkit-transform: matrix3d(-0.0523135757, -0.2698331939, 0.9615123842, 0, 0.3647263021, -0.9014457727, -0.2331216269, 0, 0.9296534593, 0.3384912204, 0.1455695437, 0, 635.1653366153, 304.9521707221, 0, 1);
        -webkit-animation-timing-function: linear;
    }
    100% {
        left: 187px;
        top: 54.1775204601145px;
        -webkit-transform: matrix3d(-0.9242888573, -0.3201294812, -0.208173368, 0, 0.3212398774, -0.9464794103, 0.0292324612, 0, -0.2063456312, -0.0398759462, 0.9776638134, 0, 107.2664767869, 159.9535000001, 0, 1);
        -webkit-animation-timing-function: linear;
    }
}
@-moz-keyframes gwd-gen-kb9lgwdanimation_gwd-keyframes {
    0% {
        left: 32px;
        top: 339.177520460114px;
        -moz-transform: matrix3d(1, 0, 0, 0, 0, 1, 0, 0, 0, 0, 1, 0, 0, 0, 0, 1);
        -moz-animation-timing-function: linear;
    }
    18.18% {
        left: 187px;
        top: 54.1775204601145px;
        -moz-transform: matrix3d(0.5357236724, 0.0416763807, 0.8433642309, 0, 0.561940203, 0.7278952254, -0.3929271549, 0, -0.6302565787, 0.6844206456, 0.3665310695, 0, 0, 0, 0, 1);
        -moz-animation-timing-function: linear;
    }
    50.91% {
        left: 187px;
        top: 54.1775204601145px;
        -moz-transform: matrix3d(0.5357, 0.0417, 0.8434, 0, 0.4208129801, -0.879107077, -0.2238110244, 0, 0.7320697615, 0.4747762812, -0.4884683054, 0, 0, 0, 0, 1);
        -moz-animation-timing-function: linear;
    }
    72.73% {
        left: 187px;
        top: 54.1775204601145px;
        -moz-transform: matrix3d(-0.0523135757, -0.2698331939, 0.9615123842, 0, 0.3647263021, -0.9014457727, -0.2331216269, 0, 0.9296534593, 0.3384912204, 0.1455695437, 0, 635.1653366153, 304.9521707221, 0, 1);
        -moz-animation-timing-function: linear;
    }
    100% {
        left: 187px;
        top: 54.1775204601145px;
        -moz-transform: matrix3d(-0.9242888573, -0.3201294812, -0.208173368, 0, 0.3212398774, -0.9464794103, 0.0292324612, 0, -0.2063456312, -0.0398759462, 0.9776638134, 0, 107.2664767869, 159.9535000001, 0, 1);
        -moz-animation-timing-function: linear;
    }
}
@keyframes gwd-gen-kb9lgwdanimation_gwd-keyframes {
    0% {
        left: 32px;
        top: 339.177520460114px;
        transform: matrix3d(1, 0, 0, 0, 0, 1, 0, 0, 0, 0, 1, 0, 0, 0, 0, 1);
        animation-timing-function: linear;
    }
    18.18% {
        left: 187px;
        top: 54.1775204601145px;
        transform: matrix3d(0.5357236724, 0.0416763807, 0.8433642309, 0, 0.561940203, 0.7278952254, -0.3929271549, 0, -0.6302565787, 0.6844206456, 0.3665310695, 0, 0, 0, 0, 1);
        animation-timing-function: linear;
    }
    50.91% {
        left: 187px;
        top: 54.1775204601145px;
        transform: matrix3d(0.5357, 0.0417, 0.8434, 0, 0.4208129801, -0.879107077, -0.2238110244, 0, 0.7320697615, 0.4747762812, -0.4884683054, 0, 0, 0, 0, 1);
        animation-timing-function: linear;
    }
    72.73% {
        left: 187px;
        top: 54.1775204601145px;
        transform: matrix3d(-0.0523135757, -0.2698331939, 0.9615123842, 0, 0.3647263021, -0.9014457727, -0.2331216269, 0, 0.9296534593, 0.3384912204, 0.1455695437, 0, 635.1653366153, 304.9521707221, 0, 1);
        animation-timing-function: linear;
    }
    100% {
        left: 187px;
        top: 54.1775204601145px;
        transform: matrix3d(-0.9242888573, -0.3201294812, -0.208173368, 0, 0.3212398774, -0.9464794103, 0.0292324612, 0, -0.2063456312, -0.0398759462, 0.9776638134, 0, 107.2664767869, 159.9535000001, 0, 1);
        animation-timing-function: linear;
    }
}
body .gwd-gen-kc38gwdanimation {
    -webkit-animation: gwd-gen-kc38gwdanimation_gwd-keyframes 5.4s linear 0s infinite normal forwards;
    -moz-animation: gwd-gen-kc38gwdanimation_gwd-keyframes 5.4s linear 0s infinite normal forwards;
    animation: gwd-gen-kc38gwdanimation_gwd-keyframes 5.4s linear 0s infinite normal forwards;
}
@-webkit-keyframes gwd-gen-kc38gwdanimation_gwd-keyframes {
    0% {
        -webkit-transform: matrix3d(1, 0, -0.000117806, 0, 0, 1, 0, 0, 0.000117806, 0, 1, 0, 0, 0, 0, 1);
        -webkit-animation-timing-function: linear;
    }
    50% {
        -webkit-transform: matrix3d(-1, 0, 0.000117806, 0, 0, 1, 0, 0, -0.000117806, 0, -1, 0, 0, 0, 0, 1);
        -webkit-animation-timing-function: linear;
    }
    100% {
        -webkit-transform: matrix3d(1, 0, -0.0001, 0, 0, 1, 0, 0, 0.0001, 0, 1, 0, 0, 0, 0, 1);
        -webkit-animation-timing-function: linear;
    }
}
@-moz-keyframes gwd-gen-kc38gwdanimation_gwd-keyframes {
    0% {
        -moz-transform: matrix3d(1, 0, -0.000117806, 0, 0, 1, 0, 0, 0.000117806, 0, 1, 0, 0, 0, 0, 1);
        -moz-animation-timing-function: linear;
    }
    50% {
        -moz-transform: matrix3d(-1, 0, 0.000117806, 0, 0, 1, 0, 0, -0.000117806, 0, -1, 0, 0, 0, 0, 1);
        -moz-animation-timing-function: linear;
    }
    100% {
        -moz-transform: matrix3d(1, 0, -0.0001, 0, 0, 1, 0, 0, 0.0001, 0, 1, 0, 0, 0, 0, 1);
        -moz-animation-timing-function: linear;
    }
}
@keyframes gwd-gen-kc38gwdanimation_gwd-keyframes {
    0% {
        transform: matrix3d(1, 0, -0.000117806, 0, 0, 1, 0, 0, 0.000117806, 0, 1, 0, 0, 0, 0, 1);
        animation-timing-function: linear;
    }
    50% {
        transform: matrix3d(-1, 0, 0.000117806, 0, 0, 1, 0, 0, -0.000117806, 0, -1, 0, 0, 0, 0, 1);
        animation-timing-function: linear;
    }
    100% {
        transform: matrix3d(1, 0, -0.0001, 0, 0, 1, 0, 0, 0.0001, 0, 1, 0, 0, 0, 0, 1);
        animation-timing-function: linear;
    }
}
body .gwd-gen-6vmbgwdanimation {
    -webkit-animation: gwd-gen-6vmbgwdanimation_gwd-keyframes 6.3s linear 0s infinite normal forwards;
    -moz-animation: gwd-gen-6vmbgwdanimation_gwd-keyframes 6.3s linear 0s infinite normal forwards;
    animation: gwd-gen-6vmbgwdanimation_gwd-keyframes 6.3s linear 0s infinite normal forwards;
}
@-webkit-keyframes gwd-gen-6vmbgwdanimation_gwd-keyframes {
    0% {
        -webkit-transform: matrix3d(0.9870892264, 0.158611129, -0.022301768, 0, -0.1581720777, 0.9872039278, 0.020248427, 0, 0.0252280189, -0.0164594872, 0.9995462132, 0, -297, -251, 0, 1);
        -webkit-animation-timing-function: linear;
    }
    23.81% {
        -webkit-transform: matrix3d(-0.4553862293, -0.0547368534, -0.8886097338, 0, -0.2896111601, 0.9529302216, 0.0897182748, 0, 0.8418721744, 0.2982077627, -0.449803704, 0, -337.5678011736, -249.3096749511, 0, 1);
        -webkit-animation-timing-function: linear;
    }
    68.25% {
        -webkit-transform: matrix3d(0.7908203433, 0.5643804811, 0.2368159437, 0, -0.6079827276, 0.7690333567, 0.1972394941, 0, -0.0708033701, -0.2999935146, 0.9513100866, 0, -895.2256351013, -270.7089841022, 0, 1);
        -webkit-animation-timing-function: linear;
    }
    100% {
        -webkit-transform: matrix3d(0.8492760442, 0.3632419994, -0.3830236204, 0, 0.0060240494, 0.7188061032, 0.695149541, 0, 0.5278569613, -0.5926776661, 0.6083583499, 0, -416.6451, -254.9418, 0, 1);
        -webkit-animation-timing-function: linear;
    }
}
@-moz-keyframes gwd-gen-6vmbgwdanimation_gwd-keyframes {
    0% {
        -moz-transform: matrix3d(0.9870892264, 0.158611129, -0.022301768, 0, -0.1581720777, 0.9872039278, 0.020248427, 0, 0.0252280189, -0.0164594872, 0.9995462132, 0, -297, -251, 0, 1);
        -moz-animation-timing-function: linear;
    }
    23.81% {
        -moz-transform: matrix3d(-0.4553862293, -0.0547368534, -0.8886097338, 0, -0.2896111601, 0.9529302216, 0.0897182748, 0, 0.8418721744, 0.2982077627, -0.449803704, 0, -337.5678011736, -249.3096749511, 0, 1);
        -moz-animation-timing-function: linear;
    }
    68.25% {
        -moz-transform: matrix3d(0.7908203433, 0.5643804811, 0.2368159437, 0, -0.6079827276, 0.7690333567, 0.1972394941, 0, -0.0708033701, -0.2999935146, 0.9513100866, 0, -895.2256351013, -270.7089841022, 0, 1);
        -moz-animation-timing-function: linear;
    }
    100% {
        -moz-transform: matrix3d(0.8492760442, 0.3632419994, -0.3830236204, 0, 0.0060240494, 0.7188061032, 0.695149541, 0, 0.5278569613, -0.5926776661, 0.6083583499, 0, -416.6451, -254.9418, 0, 1);
        -moz-animation-timing-function: linear;
    }
}
@keyframes gwd-gen-6vmbgwdanimation_gwd-keyframes {
    0% {
        transform: matrix3d(0.9870892264, 0.158611129, -0.022301768, 0, -0.1581720777, 0.9872039278, 0.020248427, 0, 0.0252280189, -0.0164594872, 0.9995462132, 0, -297, -251, 0, 1);
        animation-timing-function: linear;
    }
    23.81% {
        transform: matrix3d(-0.4553862293, -0.0547368534, -0.8886097338, 0, -0.2896111601, 0.9529302216, 0.0897182748, 0, 0.8418721744, 0.2982077627, -0.449803704, 0, -337.5678011736, -249.3096749511, 0, 1);
        animation-timing-function: linear;
    }
    68.25% {
        transform: matrix3d(0.7908203433, 0.5643804811, 0.2368159437, 0, -0.6079827276, 0.7690333567, 0.1972394941, 0, -0.0708033701, -0.2999935146, 0.9513100866, 0, -895.2256351013, -270.7089841022, 0, 1);
        animation-timing-function: linear;
    }
    100% {
        transform: matrix3d(0.8492760442, 0.3632419994, -0.3830236204, 0, 0.0060240494, 0.7188061032, 0.695149541, 0, 0.5278569613, -0.5926776661, 0.6083583499, 0, -416.6451, -254.9418, 0, 1);
        animation-timing-function: linear;
    }
}</style>
  <img src="swag_1.jpg" class="gwd-img-srbu gwd-gen-6vmbgwdanimation">
  <div class="gwd-div-53b2 gwd-gen-kc38gwdanimation">Congrates! U dun it!!!!!1!</div>
  <img src="printer_1.jpg" class="gwd-img-yrvc gwd-gen-kb9lgwdanimation">
  <div class="gwd-div-z6fy gwd-gen-nlehgwdanimation">3D Printing Baller!!!</div>
  <img src="dancingbaby2.gif" class="gwd-img-88vf gwd-gen-s3r4gwdanimation">
  <img src="dancingchipmunk.gif" class="gwd-img-03kp gwd-gen-10u1gwdanimation">


</body></html>
